s1,t1,r1,t1',t2,r2,t3
3776 32 28 1124 1502 87 3051
7977 4 31 568 5553 2 4667
12646 32 135 2562 5427 23 57
1536 6765 8 8195 260 8 8251
429 1468 8 6 1937 6 5819
1634 32 13 0 5459 15 13249
11097 313 19 7171 5023 10 6316
532 32 133 0 5122 72 2722
8684 32 28 6157 3677 15 12913
2645 32 13 0 4960 15 13249
563 7395 74 304 5380 17 1002
112 820 47 12 90 60 90
856 117 4 12315 765 130 4097
3058 382 29 2121 8314 2 8894
6488 434 85 1665 6489 161 249
3909 32 13 0 13122 15 13249
182 32 147 637 13583 87 4358
11545 9 5 11 3455 130 3322
5123 32 29 1124 3415 87 13480
3523 32 185 119 9394 15 9012
4333 4 31 568 5055 2 7374
1658 1027 84 8199 9608 8 9082
226 32 62 1124 9867 87 13153
1410 4606 174 389 1276 29 202
4291 32 48 2091 10777 15 3102
7594 399 5 11 343 130 9538
3367 434 85 1665 13432 161 249
8685 32 48 2091 11684 15 3102
7492 1271 9 3077 2290 92 3258
13 657 31 4 4730 2 2555
12570 344 80 329 7423 125 11542
2815 4785 20 7691 1271 177 1271
640 32 152 2121 340 15 13611
3303 5485 20 8195 2938 8 8251
1708 11 5 12315 11924 130 10160
3493 1080 13 0 1479 15 13249
9097 592 39 2076 6139 15 11743
3324 32 151 2091 12487 15 3102
7191 32 150 8202 4765 15 9101
12465 9 5 12315 3110 130 10160
4559 32 28 1124 9785 87 11605
13221 32 48 2091 6277 15 3102
7775 32 16 208 2183 15 3573
726 570 75 7169 1376 75 5402
2732 32 205 119 6243 15 9510
10071 1174 3 8192 9035 3 7111
6827 32 13 0 961 15 13249
9148 32 28 6157 10075 15 12913
1091 32 157 0 4481 15 13249
2326 32 13 0 57 23 57
13817 11 4 12315 3322 130 10160
13022 5334 214 8832 7468 70 640
1260 2722 69 1537 834 157 1682
10239 268 8 3205 11385 32 1971
7977 382 13 331 9536 87 8708
5381 399 4 12315 9644 130 4097
1233 32 13 1046 1163 152 2811
12274 138 41 3077 8915 92 3258
5491 3148 27 8195 862 17 432
2946 32 48 1124 12663 87 11891
11213 11 4 12315 5381 130 4097
7708 657 31 4 7392 2 874
5234 434 85 1665 4152 161 9273
6888 32 48 8725 209 152 2894
6867 434 85 1665 6778 161 249
6742 32 48 2091 10443 15 3102
5019 117 4 12315 3850 130 10160
2482 32 13 0 5590 15 13249
9466 937 36 11141 4652 130 3396
10256 742 8 3205 9364 32 11949
1454 138 75 7169 570 9 1546
7853 3241 19 5125 4667 7 6170
9995 773 66 1551 1771 18 2357
7218 1081 10 9728 2164 27 4360
3967 55 6 8193 331 13 419
11961 32 48 2091 11683 15 3102
4415 657 31 568 4542 2 15
1757 138 41 6658 2965 9 2700
5168 1947 97 1541 5457 141 1542
12260 9 5 399 10613 130 4980
8488 1127 30 7684 6275 7 9618
10878 211 134 1546 3136 92 8632
6242 637 13 0 13026 15 13249
8789 32 48 2091 9101 15 3102
7864 3801 215 2236 10622 21 11315
1284 1025 47 2053 5630 77 848
2640 853 29 1575 637 152 474
8898 4358 66 0 5910 122 6745
6250 32 13 0 11405 15 13249
9778 32 28 6157 7161 72 2722
3421 32 13 331 13659 87 8708
3405 1271 134 1546 1791 92 4373
5417 1271 134 1031 570 57 1287
11568 592 66 0 10195 15 13249
8500 32 218 2068 11397 15 13324
1539 32 28 1124 13142 87 8283
8578 32 13 0 4089 15 13249
7517 6524 8 6 4211 6 9140
5706 9 5 12315 11924 130 10160
